[-1,2,1,-4]
1
[1,2,3]
1
[1,2,3,4,5,6,7,8,9,10]
1
[1,2,3,4,5,6,7,8,9,10]
2
[1,2,3,4,5,6,7,8,9,10]
3
[1,2,3,4,5,6,7,8,9,10]
4
[1,2,3,4,5,6,7,8,9,10]
5
[1,2,3,4,5,6,7,8,9,10]
6
[1,2,3,4,5,6,7,8,9,10]
7
[1,2,3,4,5,6,7,8,9,10]
8
[1,2,3,4,5,6,7,8,9,10]
9
[1,2,3,4,5,6,7,8,9,10]
10
[1,2,3,4,5,6,7,8,9,10]
11
[1,2,3,4,5,6,7,8,9,10]
12
[1,2,3,4,5,6,7,8,9,10]
13
[1,2,3,4,5,6,7,8,9,10]
14
[1,2,3,4,5,6,7,8,9,10]
15
[1,2,3,4,5,6,7,8,9,10]
16
[1,2,3,4,5,6,7,8,9,10]
17
[1,2,3,4,5,6,7,8,9,10]
18
[1,2,3,4,5,6,7,8,9,10]
19
[1,2,3,4,5,6,7,8,9,10]
20
[1,2,3,4,5,6,7,8,9,10]
21
[1,2,3,4,5,6,7,8,9,10]
22
[1,2,3,4,5,6,7,8,9,10]
23
[1,2,3,4,5,6,7,8,9,10]
24
[1,2,3,4,5,6,7,8,9,10]
25
[1,2,3,4,5,6,7,8,9,10]
26
[1,2,3,4,5,6,7,8,9,10]
27
[1,2,3,4,5,6,7,8,9,10]
28
[1,2,3,4,5,6,7,8,9,10]
29
[1,2,3,4,5,6,7,8,9,10]
30
[0,1,2]
0

-->

2
6
6
6
6
6
6
6
7
8
9
10
11
12
13
14
15
16
17
18
19
20
21
22
23
24
25
26
27
27
27
27
3

