200 760 168 113
119 105 6083
125 49 7131
68 101 8610
69 143 3507
72 11 7075
163 198 9171
134 7 9586
154 143 7955
157 37 5778
154 14 5456
24 39 2623
178 84 221
142 87 1638
88 126 9405
28 90 4723
7 4 5167
58 197 1900
97 158 2490
83 92 1244
85 69 6315
144 161 6514
129 150 1004
111 113 5946
131 59 9543
32 93 9612
93 165 972
200 79 2579
15 196 8159
25 131 3425
65 89 1685
9 200 2081
65 142 2272
91 63 2684
130 188 3448
58 147 2128
101 6 4268
165 25 9630
52 43 2490
95 17 723
28 153 827
141 118 152
2 56 5730
13 186 3630
161 4 4502
77 53 7972
66 127 110
130 8 8954
86 13 252
17 189 7227
104 74 6221
67 89 8150
110 194 5792
45 60 6398
185 175 3588
165 199 1219
107 87 8678
188 55 4128
40 199 2859
168 121 5846
127 130 3819
80 190 5288
147 30 7279
109 114 3400
21 194 8492
142 31 9618
124 48 5472
197 39 855
104 57 7500
57 177 2508
51 17 6771
123 19 5972
32 175 5409
125 120 3131
176 105 1567
127 84 9780
98 80 6854
99 78 277
155 56 9889
4 125 5282
199 75 4776
65 150 6503
182 166 6106
40 12 3593
138 51 3579
177 105 319
87 152 5870
80 131 7964
132 16 1892
32 123 1313
25 168 1765
12 66 5009
98 85 8814
62 100 6836
67 60 556
29 121 5983
35 25 2599
139 58 6131
173 148 7026
12 129 3190
21 96 5650
86 35 1311
32 46 1102
20 162 5237
95 137 6742
85 190 4650
133 180 6918
69 187 8115
166 56 2891
130 113 1963
114 50 6039
10 32 3177
130 4 34
138 26 8191
82 138 5441
17 45 9860
112 136 4188
166 152 2212
68 2 2442
112 38 6518
160 140 2223
156 17 6142
169 115 7305
44 105 52
78 3 9303
149 172 3732
33 10 4090
121 40 4903
67 84 5008
127 190 9585
37 144 8927
176 97 9245
156 36 8943
115 120 5702
187 172 715
114 31 3175
23 80 520
119 78 7013
158 184 7201
154 91 7381
119 129 142
21 175 4508
54 92 593
73 87 1666
179 173 1136
102 51 6447
77 143 3120
34 35 3811
58 181 4894
188 72 9027
63 184 6534
117 49 5409
185 79 9895
173 87 3440
6 190 6709
68 143 8344
149 136 9707
10 188 1471
6 68 4296
148 181 4107
42 117 4357
111 152 8924
189 4 7602
184 63 3377
165 10 1610
91 171 1177
90 171 7225
182 79 9564
24 184 2834
150 5 922
155 190 8154
128 166 1747
146 94 632
67 56 8633
79 20 9617
91 8 19
29 51 6895
128 138 8899
194 16 8177
144 22 346
127 14 7609
51 150 7338
190 34 7681
78 164 924
155 152 9375
169 161 7170
62 85 2347
84 19 6720
135 198 7934
151 118 759
162 24 3165
41 31 3442
118 25 3398
155 76 484
93 192 2667
16 117 9776
108 145 2005
123 136 7202
1 167 7754
127 168 6011
95 25 9704
145 173 5507
26 120 5271
102 140 7128
21 190 6854
137 33 8042
118 116 3666
8 156 6424
37 166 2166
95 119 8858
29 54 2772
36 103 2288
188 167 2387
92 192 2619
56 27 2297
46 110 731
66 78 58
54 1 5080
55 11 5074
125 152 6004
196 40 5391
23 129 161
73 54 1602
4 176 8974
90 115 7352
27 142 2056
10 163 3251
92 51 8159
48 99 1742
5 151 4006
70 120 3473
63 37 1070
199 144 5121
97 129 3701
81 143 4267
133 92 7691
11 77 1522
185 45 5157
177 37 5447
88 129 7829
37 168 1272
194 78 9737
16 156 1437
34 156 7843
81 23 5790
54 101 8121
84 40 2073
132 118 3166
31 15 6242
130 22 7200
65 43 5771
198 95 7779
147 109 3270
192 171 685
68 19 4920
195 144 1060
111 175 9025
92 190 3621
79 97 2057
20 96 2453
54 90 7724
8 17 141
154 186 9289
131 193 6706
1 139 3047
57 168 6002
38 55 4793
96 10 5477
180 152 340
66 163 883
194 119 8478
133 141 3138
191 7 8217
71 143 7396
160 50 1855
36 40 8878
64 35 1392
193 100 5147
135 93 7850
62 101 593
150 37 2088
103 94 6788
81 155 3886
147 108 3722
133 102 7268
184 118 9342
156 177 3536
55 119 9961
55 32 4120
188 16 2094
147 87 8745
96 43 8260
54 116 3665
75 45 6169
44 163 6404
19 131 4261
77 43 6285
26 89 6348
97 143 5506
7 190 6968
63 128 4173
139 140 7734
49 193 1975
23 30 9264
36 186 344
11 162 7147
7 128 556
186 17 3025
162 92 4760
172 29 6721
32 27 9054
140 139 8549
79 78 7613
35 80 4052
103 52 8476
100 48 6153
97 116 2631
59 63 2867
171 142 9539
199 177 4732
142 124 8837
195 29 3197
179 193 9756
124 105 5619
100 134 1259
89 180 4885
9 112 5435
169 12 3375
136 178 6676
130 27 8712
140 195 1609
116 172 2532
155 52 5079
189 71 5243
91 36 6046
126 19 6504
101 32 4768
110 100 583
68 149 3834
116 69 5305
118 191 2160
187 151 9609
84 199 4190
25 139 932
95 176 5052
136 140 4436
124 146 6897
89 200 1806
9 171 3164
93 184 8237
167 186 2798
21 85 670
10 61 2988
12 101 5964
71 46 19
163 86 2814
14 161 3068
126 162 4048
200 161 9010
125 36 8447
194 75 4561
181 154 5417
41 18 930
79 68 7124
120 165 8980
73 155 8413
136 94 3948
20 37 7476
144 181 4064
125 95 6181
109 75 4000
40 107 3034
123 115 4182
97 173 5424
100 150 4288
45 25 6551
64 53 4859
145 87 6877
142 12 4817
56 120 1804
145 68 7462
66 107 4531
118 154 3664
131 147 7923
157 110 4805
178 107 107
198 22 9161
99 85 8773
93 29 1223
166 39 2674
73 118 4559
57 167 3923
90 60 3489
76 200 154
96 110 1577
155 117 2528
123 143 3195
153 102 7143
48 20 9920
2 176 6579
145 130 5058
25 17 3492
169 39 6405
132 84 7416
94 119 2166
124 73 5406
151 137 6248
169 73 6381
87 146 7739
173 120 662
122 26 2336
152 75 5879
95 62 3019
188 156 9298
143 54 2439
58 132 3068
125 136 9872
60 72 3866
7 108 9532
163 39 1737
171 96 7164
59 50 1453
173 143 5762
70 133 9356
32 30 2147
70 69 9947
106 87 6238
159 113 6089
109 185 9213
69 126 1882
50 183 9499
113 198 4311
17 39 8758
89 49 5556
175 14 3704
72 14 2225
63 171 7072
51 40 8453
126 198 1315
16 124 7400
166 143 5703
32 56 5100
148 128 6136
150 92 7568
57 178 7036
9 98 2814
157 96 7647
162 20 809
85 74 3091
2 170 677
134 155 5258
65 23 1717
51 100 3715
72 67 388
35 83 4084
33 180 6231
159 102 727
196 22 8851
146 12 4504
94 164 6987
8 149 381
5 191 4845
164 8 7926
157 69 5453
87 35 663
66 33 3260
11 55 7662
191 61 4559
51 68 5170
156 106 987
80 183 8920
29 156 7084
141 1 2617
19 39 9569
24 97 487
186 74 5885
154 24 8928
187 129 8671
180 36 5953
107 69 3236
92 49 3919
19 15 1020
152 117 3522
33 117 6730
11 155 1091
62 51 720
46 138 6391
137 53 5369
168 22 9227
68 35 2168
104 23 4978
38 143 8945
10 8 9854
104 195 4327
176 99 4907
187 118 4582
11 83 2626
50 33 6945
115 195 2003
102 18 9948
124 100 6693
160 70 6042
145 35 8555
197 41 6531
172 134 1776
26 9 832
96 61 2821
179 158 6239
64 84 3347
87 139 5714
45 141 1167
99 156 1849
23 125 4925
165 65 9117
194 158 3880
11 49 5838
21 100 1393
93 66 5855
88 67 6550
81 39 3744
124 25 6100
141 147 2604
47 48 1183
130 117 8404
39 151 1328
22 29 1739
102 177 337
115 198 6771
150 53 8710
118 132 5048
199 24 5964
130 183 6811
119 16 5446
102 176 7729
177 34 181
155 187 157
178 141 9255
171 61 5531
55 112 7315
22 8 4303
74 17 3572
94 45 9517
14 176 7715
174 49 7609
184 107 1210
134 147 7426
89 42 3942
9 100 6330
90 182 5613
26 168 8761
55 134 9488
157 28 7794
30 58 4082
10 96 7734
25 115 4730
63 79 4104
114 74 8068
190 20 2608
54 104 7902
44 14 2995
189 110 9218
43 175 9619
153 85 3999
130 186 259
37 192 9309
187 75 8877
200 192 1697
101 91 1928
161 177 316
156 67 1539
61 123 6987
109 145 8135
134 35 8250
110 177 2812
46 34 8074
29 181 1786
127 200 8469
138 86 3256
31 108 983
54 137 7237
87 192 8120
119 140 2497
85 173 4768
37 27 9520
46 63 5271
188 42 1366
190 152 9750
100 55 4706
166 14 4269
89 149 9366
182 1 8894
180 38 5306
12 89 6557
161 193 4466
29 46 7131
99 53 973
122 121 8673
165 164 8879
47 60 7882
74 59 6096
184 29 1316
63 112 1430
85 96 552
175 101 3072
15 30 5335
183 196 2965
67 24 6407
90 83 8348
38 120 8111
200 170 8125
73 42 1663
18 122 3720
15 38 3171
65 80 8723
53 1 1257
112 90 90
113 181 993
166 185 7602
102 166 6549
16 151 2622
102 158 5272
190 18 325
64 26 4387
181 34 5827
164 166 4525
117 80 624
12 135 459
99 135 6686
182 127 680
33 95 8278
39 110 7255
77 183 7860
10 71 7094
63 162 8034
1 96 9397
111 182 8594
106 94 1495
70 176 8656
30 16 584
27 164 1079
110 18 9296
161 115 6723
198 69 1622
95 5 3575
54 93 4312
183 186 9391
70 82 4425
51 43 8712
74 123 7053
92 150 205
87 103 7585
13 97 5558
12 94 5262
199 70 4957
28 200 9566
62 200 4704
67 92 7407
60 101 1981
86 4 2777
76 124 2427
112 70 6810
114 48 4805
98 189 1354
144 133 7244
82 89 779
180 91 173
159 196 8032
200 121 6000
116 87 706
130 59 9443
75 188 1791
165 14 6902
188 116 7443
30 115 9560
117 131 8843
83 139 9042
147 179 6855
106 130 8178
42 55 320
54 182 5610
98 41 5947
183 73 4281
178 157 1515
49 21 9466
17 7 3693
189 96 4940
194 170 8144
103 40 5794
24 194 2980
112 144 3179
162 181 3269
21 74 8356
88 13 4087
79 167 1149
87 128 9891
52 166 5977
89 139 2178
93 73 5081
152 92 8026
1 134 3163
84 87 8071
161 44 6975
106 108 7403
110 195 1130
32 134 8185
88 193 8751
78 127 2782
32 187 7385
119 114 8417
184 16 2414
164 17 2004
8 119 1935
179 70 3875
150 88 4336
108 142 9371
75 4 8232
191 39 664
172 147 7152
48 57 3834
151 107 5049
162 137 1977
34 103 6614
107 74 4191
179 165 2232
5 109 9134
31 11 3631
65 113 7197
78 174 1122
171 128 5922
106 142 5746
194 56 9030
181 179 4595
124 152 447
32 59 6066
170 105 7441
22 38 7733
58 166 5696
14 29 1341
32 97 8005
140 37 7889
161 126 8063
189 180 7883
19 110 4509
177 83 9074
200 78 9051
180 165 5991
142 76 814
179 159 107
30 185 4
63 124 2372
144 96 9514
155 120 2607
79 108 6187
27 54 7821
161 149 824
51 9 1467
38 102 9160
128 191 8275
1 194 2944
121 56 1187
47 172 1702

--> 79385

