0	0
1	1
2	4
3	2
4	5
5	7
6	5
7	3
8	6
9	8
10	7
11	10
12	7
13	9
14	6
15	4
16	7
17	9
18	8
19	11
20	12
21	10
22	9
23	12
24	9
25	11
26	13
27	11
28	8
29	10
30	7
31	5
32	8
33	10
34	9
35	12
36	13
37	11
38	10
39	13
40	15
41	14
42	15
43	13
44	14
45	12
46	11
47	14
48	11
49	13
50	16
51	14
52	17
53	14
54	15
55	13
56	10
57	12
58	14
59	12
60	9
61	11
62	8
63	6
64	9
65	11
66	10
67	13
68	14
69	12
70	11
71	14
72	16
73	15
74	16
75	14
76	15
77	13
78	12
79	15
80	17
81	16
82	19
83	19
84	18
85	17
86	18
87	16
88	18
89	18
90	17
91	15
92	16
93	14
94	13
95	16
96	13
97	15
98	18
99	16
100	19
101	18
102	19
103	17
104	20
105	17
106	18
107	20
108	19
109	16
110	17
111	15
112	12
113	14
114	17
115	15
116	18
117	15
118	16
119	14
120	11
121	13
122	15
123	13
124	10
125	12
126	9
127	7
128	10
129	12
130	11
131	14
132	15
133	13
134	12
135	15
136	17
137	16
138	17
139	15
140	16
141	14
142	13
143	16
144	18
145	17
146	20
147	20
148	19
149	18
150	19
151	17
152	19
153	21
154	18
155	16
156	17
157	15
158	14
159	17
160	19
161	18
162	21
163	21
164	20
165	19
166	22
167	24
168	23
169	23
170	22
171	22
172	21
173	20
174	21
175	19
176	22
177	21
178	22
179	24
180	21
181	23
182	20
183	18
184	20
185	20
186	19
187	17
188	18
189	16
190	15
191	18
192	15
193	17
194	20
195	18
196	21
197	20
198	21
199	19
200	22
201	24
202	23
203	23
204	22
205	21
206	22
207	20
208	23
209	20
210	21
211	23
212	22
213	24
214	23
215	24
216	22
217	19
218	20
219	22
220	21
221	18
222	19
223	17
224	14
225	16
226	19
227	17
228	20
229	22
230	20
231	18
232	21
233	18
234	19
235	21
236	20
237	17
238	18
239	16
240	13
241	15
242	18
243	16
244	19
245	16
246	17
247	15
248	12
249	14
250	16
251	14
252	11
253	13
254	10
255	8
256	11
257	13
258	12
259	15
260	16
261	14
262	13
263	16
264	18
265	17
266	18
267	16
268	17
269	15
270	14
271	17
272	19
273	18
274	21
275	21
276	20
277	19
278	20
279	18
280	20
281	22
282	19
283	17
284	18
285	16
286	15
287	18
288	20
289	19
290	22
291	22
292	21
293	20
294	23
295	25
296	24
297	24
298	23
299	23
300	22
301	21
302	22
303	20
304	23
305	25
306	24
307	25
308	22
309	24
310	21
311	19
312	21
313	23
314	20
315	18
316	19
317	17
318	16
319	19
320	21
321	20
322	23
323	23
324	22
325	21
326	24
327	26
328	25
329	25
330	24
331	24
332	23
333	22
334	25
335	27
336	26
337	29
338	29
339	28
340	27
341	27
342	26
343	27
344	26
345	26
346	25
347	25
348	24
349	23
350	24
351	22
352	25
353	24
354	25
355	27
356	26
357	28
358	27
359	28
360	25
361	27
362	28
363	27
364	24
365	26
366	23
367	21
368	24
369	23
370	24
371	26
372	23
373	25
374	22
375	20
376	22
377	22
378	21
379	19
380	20
381	18
382	17
383	20
384	17
385	19
386	22
387	20
388	23
389	22
390	23
391	21
392	24
393	26
394	25
395	25
396	24
397	23
398	24
399	22
400	25
401	27
402	26
403	29
404	28
405	28
406	27
407	28
408	27
409	27
410	26
411	26
412	25
413	24
414	25
415	23
416	26
417	23
418	24
419	26
420	25
421	27
422	28
423	28
424	26
425	28
426	27
427	28
428	29
429	29
430	26
431	27
432	25
433	22
434	23
435	25
436	24
437	26
438	25
439	26
440	24
441	21
442	22
443	24
444	23
445	20
446	21
447	19
448	16
449	18
450	21
451	19
452	22
453	24
454	22
455	20
456	23
457	25
458	24
459	27
460	24
461	26
462	23
463	21
464	24
465	21
466	22
467	24
468	23
469	25
470	24
471	25
472	23
473	20
474	21
475	23
476	22
477	19
478	20
479	18
480	15
481	17
482	20
483	18
484	21
485	23
486	21
487	19
488	22
489	19
490	20
491	22
492	21
493	18
494	19
495	17
496	14
497	16
498	19
499	17
500	20
501	17
502	18
503	16
504	13
505	15
506	17
507	15
508	12
509	14
510	11
511	9
512	12
513	14
514	13
515	16
516	17
517	15
518	14
519	17
520	19
521	18
522	19
523	17
524	18
525	16
526	15
527	18
528	20
529	19
530	22
531	22
532	21
533	20
534	21
535	19
536	21
537	23
538	20
539	18
540	19
541	17
542	16
543	19
544	21
545	20
546	23
547	23
548	22
549	21
550	24
551	26
552	25
553	25
554	24
555	24
556	23
557	22
558	23
559	21
560	24
561	26
562	25
563	26
564	23
565	25
566	22
567	20
568	22
569	24
570	21
571	19
572	20
573	18
574	17
575	20
576	22
577	21
578	24
579	24
580	23
581	22
582	25
583	27
584	26
585	26
586	25
587	25
588	24
589	23
590	26
591	28
592	27
593	30
594	30
595	29
596	28
597	28
598	27
599	28
600	27
601	27
602	26
603	26
604	25
605	24
606	25
607	23
608	26
609	28
610	27
611	30
612	29
613	29
614	28
615	29
616	26
617	28
618	30
619	28
620	25
621	27
622	24
623	22
624	25
625	27
626	26
627	27
628	24
629	26
630	23
631	21
632	23
633	25
634	22
635	20
636	21
637	19
638	18
639	21
640	23
641	22
642	25
643	25
644	24
645	23
646	26
647	28
648	27
649	27
650	26
651	26
652	25
653	24
654	27
655	29
656	28
657	31
658	31
659	30
660	29
661	29
662	28
663	29
664	30
665	28
666	27
667	27
668	26
669	25
670	28
671	30
672	29
673	32
674	32
675	31
676	30
677	33
678	35
679	33
680	34
681	33
682	33
683	32
684	31
685	31
686	30
687	32
688	30
689	32
690	33
691	31
692	32
693	30
694	29
695	30
696	29
697	29
698	28
699	28
700	27
701	26
702	27
703	25
704	28
705	27
706	28
707	30
708	29
709	31
710	30
711	32
712	30
713	32
714	34
715	33
716	32
717	32
718	31
719	32
720	29
721	31
722	32
723	32
724	34
725	32
726	33
727	31
728	28
729	30
730	31
731	30
732	27
733	29
734	26
735	24
736	27
737	26
738	27
739	29
740	28
741	30
742	29
743	30
744	27
745	29
746	30
747	29
748	26
749	28
750	25
751	23
752	26
753	25
754	26
755	28
756	25
757	27
758	24
759	22
760	24
761	24
762	23
763	21
764	22
765	20
766	19
767	22
768	19
769	21
770	24
771	22
772	25
773	24
774	25
775	23
776	26
777	28
778	27
779	27
780	26
781	25
782	26
783	24
784	27
785	29
786	28
787	31
788	30
789	30
790	29
791	30
792	29
793	29
794	28
795	28
796	27
797	26
798	27
799	25
800	28
801	30
802	29
803	32
804	31
805	31
806	30
807	33
808	35
809	34
810	34
811	33
812	32
813	32
814	31
815	33
816	31
817	33
818	32
819	32
820	33
821	31
822	30
823	31
824	30
825	30
826	29
827	29
828	28
829	27
830	28
831	26
832	29
833	26
834	27
835	29
836	28
837	30
838	31
839	31
840	29
841	31
842	34
843	32
844	33
845	33
846	32
847	33
848	30
849	32
850	31
851	32
852	33
853	33
854	34
855	34
856	35
857	33
858	30
859	31
860	32
861	32
862	29
863	30
864	28
865	25
866	26
867	28
868	27
869	29
870	32
871	30
872	28
873	30
874	29
875	30
876	31
877	31
878	28
879	29
880	27
881	24
882	25
883	27
884	26
885	28
886	27
887	28
888	26
889	23
890	24
891	26
892	25
893	22
894	23
895	21
896	18
897	20
898	23
899	21
900	24
901	26
902	24
903	22
904	25
905	27
906	26
907	29
908	26
909	28
910	25
911	23
912	26
913	28
914	27
915	30
916	31
917	29
918	28
919	31
920	28
921	30
922	29
923	30
924	27
925	29
926	26
927	24
928	27
929	24
930	25
931	27
932	26
933	28
934	29
935	29
936	27
937	29
938	28
939	29
940	30
941	30
942	27
943	28
944	26
945	23
946	24
947	26
948	25
949	27
950	26
951	27
952	25
953	22
954	23
955	25
956	24
957	21
958	22
959	20
960	17
961	19
962	22
963	20
964	23
965	25
966	23
967	21
968	24
969	26
970	25
971	28
972	25
973	27
974	24
975	22
976	25
977	22
978	23
979	25
980	24
981	26
982	25
983	26
984	24
985	21
986	22
987	24
988	23
989	20
990	21
991	19
992	16
993	18
994	21
995	19
996	22
997	24
998	22
999	20
1000	23

