2
0
[1,2,3]
[0,1,1]
1
1
[1,1,1,1]
[1,1,2,3]
1
1
[1,1,1,1]
[0,1,2,3]
2
0
[1,2,3,4,5,6,7,8,9,2,5,8,9,2,1,5,7,5,3,8,5,3,1,4,5,6,7]
[0,2,3,7,3,1,5,7,9,5,3,1,5,8,4,2,6,8,9,5,3,2,1,6,8,9,5]
3
0
[1,2,3,4,5,6,7,8,9,2,5,8,9,2,1,5,7,5,3,8,5,3,1,4,5,6,7]
[0,2,3,7,3,1,5,7,9,5,3,1,5,8,4,2,6,8,9,5,3,2,1,6,8,9,5]
4
0
[1,2,3,4,5,6,7,8,9,2,5,8,9,2,1,5,7,5,3,8,5,3,1,4,5,6,7]
[0,2,3,7,3,1,5,7,9,5,3,1,5,8,4,2,6,8,9,5,3,2,1,6,8,9,5]
5
0
[1,2,3,4,5,6,7,8,9,2,5,8,9,2,1,5,7,5,3,8,5,3,1,4,5,6,7]
[0,2,3,7,3,1,5,7,9,5,3,1,5,8,4,2,6,8,9,5,3,2,1,6,8,9,5]
6
0
[1,2,3,4,5,6,7,8,9,2,5,8,9,2,1,5,7,5,3,8,5,3,1,4,5,6,7]
[0,2,3,7,3,1,5,7,9,5,3,1,5,8,4,2,6,8,9,5,3,2,1,6,8,9,5]

-->

4
2
2
9
18
27
35
43

