[[1,3],[6,9]]
[2,5]
[[1,2],[3,5],[6,7],[8,10],[12,16]]
[4,8]
[[1,2],[4,5],[6,7],[8,10],[12,16]]
[3,3]
[[1,2],[3,5],[6,7],[8,10],[12,16]]
[1,1]
[[1,2],[3,5],[6,7],[8,10],[12,16]]
[0,0]
[[1,2],[3,5],[6,7],[8,10],[12,16]]
[0,1]
[[1,2],[3,5],[6,7],[8,10],[12,16]]
[13,17]
[[1,2],[3,5],[6,7],[8,10],[12,16]]
[17,27]
[[1,2],[3,5],[6,7],[8,10],[12,16]]
[0,27]
[[1,2],[3,5],[6,7],[8,10],[12,16]]
[4,13]

-->

[[1,5],[6,9]]
[[1,2],[3,10],[12,16]]
[[1,2],[3,3],[4,5],[6,7],[8,10],[12,16]]
[[1,2],[3,5],[6,7],[8,10],[12,16]]
[[0,0],[1,2],[3,5],[6,7],[8,10],[12,16]]
[[0,2],[3,5],[6,7],[8,10],[12,16]]
[[1,2],[3,5],[6,7],[8,10],[12,17]]
[[1,2],[3,5],[6,7],[8,10],[12,16],[17,27]]
[[0,27]]
[[1,2],[3,16]]

