[1,3,1]
1
[3,2,8,44,9,1,6,4,23,78,45,23,67,43,89,65,1,90]
1
[3,2,8,44,9,1,6,4,23,78,45,23,67,43,89,65,1,90]
2
[3,2,8,44,9,1,6,4,23,78,45,23,67,43,89,65,1,90]
3
[3,2,8,44,9,1,6,4,23,78,45,23,67,43,89,65,1,90]
4
[3,2,8,44,9,1,6,4,23,78,45,23,67,43,89,65,1,90]
5
[3,2,8,44,9,1,6,4,23,78,45,23,67,43,89,65,1,90]
6
[3,2,8,44,9,1,6,4,23,78,45,23,67,43,89,65,1,90]
7
[3,2,8,44,9,1,6,4,23,78,45,23,67,43,89,65,1,90]
8
[3,2,8,44,9,1,6,4,23,78,45,23,67,43,89,65,1,90]
9
[3,2,8,44,9,1,6,4,23,78,45,23,67,43,89,65,1,90]
10
[3,2,8,44,9,1,6,4,23,78,45,23,67,43,89,65,1,90]
11
[3,2,8,44,9,1,6,4,23,78,45,23,67,43,89,65,1,90]
12
[3,2,8,44,9,1,6,4,23,78,45,23,67,43,89,65,1,90]
13
[3,2,8,44,9,1,6,4,23,78,45,23,67,43,89,65,1,90]
14
[3,2,8,44,9,1,6,4,23,78,45,23,67,43,89,65,1,90]
15
[3,2,8,44,9,1,6,4,23,78,45,23,67,43,89,65,1,90]
16
[3,2,8,44,9,1,6,4,23,78,45,23,67,43,89,65,1,90]
17
[3,2,8,44,9,1,6,4,23,78,45,23,67,43,89,65,1,90]
18
[3,2,8,44,9,1,6,4,23,78,45,23,67,43,89,65,1,90]
19
[3,2,8,44,9,1,6,4,23,78,45,23,67,43,89,65,1,90]
20
[3,2,8,44,9,1,6,4,23,78,45,23,67,43,89,65,1,90]
21
[3,2,8,44,9,1,6,4,23,78,45,23,67,43,89,65,1,90]
22
[3,2,8,44,9,1,6,4,23,78,45,23,67,43,89,65,1,90]
23
[3,2,8,44,9,1,6,4,23,78,45,23,67,43,89,65,1,90]
24
[3,2,8,44,9,1,6,4,23,78,45,23,67,43,89,65,1,90]
25
[3,2,8,44,9,1,6,4,23,78,45,23,67,43,89,65,1,90]
26
[3,2,8,44,9,1,6,4,23,78,45,23,67,43,89,65,1,90]
27
[3,2,8,44,9,1,6,4,23,78,45,23,67,43,89,65,1,90]
28
[3,2,8,44,9,1,6,4,23,78,45,23,67,43,89,65,1,90]
29
[3,2,8,44,9,1,6,4,23,78,45,23,67,43,89,65,1,90]
30
[3,2,8,44,9,1,6,4,23,78,45,23,67,43,89,65,1,90]
31
[3,2,8,44,9,1,6,4,23,78,45,23,67,43,89,65,1,90]
32
[3,2,8,44,9,1,6,4,23,78,45,23,67,43,89,65,1,90]
33
[3,2,8,44,9,1,6,4,23,78,45,23,67,43,89,65,1,90]
34
[1,2,0,2,1,0,1,1,0,2,2,0,2,0,1,1,1,0,1,0,1,1,2,2,2,2,0,0,2,1,2,1,2,0,0,0,1,0,0,1,0,2,1,1,1,1,0,2,2,1,0,2,0,2,2,2,1,0,2,2,2,2,0,0,1,0,1,1,2,1,2,2,1,1,0,2,0,1,0,1,1,2,0,1,1,1,1,2,0,2,2,0,0,1,1,1,1,2,1,2,2,1,2,0,1,2,2,1,1,2,1,0,1,1,1,0,0,1,2,0,2,1,0,1,2,0,2,2,1,0,0,2,0,1,1,0,1,0,1,0,1,2,2,2,0,1,1,1,1,1,0,2,2,2,1,0,1,0,1,0,0,0,0,2,0,0,1,1,2,0,2,1,2,0,0,1,0,1,2,1,0,1,1,1,1,0,0,2,2,1,1,0,0,0,0,1,2,2,1,1,0,1,2,0,0,2,1,2,1,2,0,2,1,1,2,2,2,2,2,0,1,1,0,1,2,2,0,2,2,2,0,2,0,1,1,2,2,0,2,2,2,2,2,2,1,0,2,2,2,0,2,0,2,0,2,1,0,1,0,1,1,0,2,0,1,0,0,2,0,0,0,2,0,2,2,0,2,0,0,1,1,0,2,0,1,2,2,0,1,1,2,0,0,0,2,1,0,1,0,2,1,2,0,1,2,1,1,1,0,1,2,1,2,2,1,2,0,2,1,0,1,1,1,2,0,2,2,2,2,1,0,2,2,1,1,1,1,0,1,2,2,0,1,2,2,1,0,0,1,2,1,0,2,1,1,1,0,0,0,1,1,1,0,2,0,2,0,1,2,2,0,2,1,2,2,0,0,0,0,2,1,1,2,0,2,0,1,0,1,0,2,0,0,0,2,1,2,0,1,2,1,2,1,0,1,0,1,0,0,1,2,1,1,2,1,1,2,2,1,0,1,1,2,2,1,2,2,2,1,0,1,1,1,0,0,0,2,1,1,1,2,2,1,2,0,2,1,2,0,2,2,2,1,1,2,2,0,0,2,2,2,1,2,2,1,0,2,0,2,0,2,1,2,2,1,1,1,1,1,0,0,1,0,2,2,0,0,2,1,0,1,0,2,1,0,0,0,0,1,2,1,2,0,0,1,1,2,2,2,2,0,2,1,0,0,0,2,0,1,1,0,2,1,1,1,2,1,0,0,1,0,1,0,1,2,0,2,1,0,0,1,2,1,1,0,0,0,2,2,2,1,1,2,2,0,1,0,2,2,2,0,1,0,0,1,0,0,1,1,1,1,1,1,2,1,2,0,2,0,2,1,2,2,2,0,1,0,1,2,0,2,2,1,2,0,1,2,2,0,1,1,0,1,1,0,0,0,1,2,1,0,0,2,0,1,0,2,2,0,1,0,0,0,1,0,0,0,2,1,1,1,1,1,0,1,1,0,1,0,1,0,2,2,0,2,2,0,0,1,2,0,1,1,1,2,0,0,0,2,0,2,2,2,2,1,0,2,2,0,0,1,1,2,2,2,1,1,2,0,1,0,0,1,0,1,2,0,1,2,0,1,1,1,1,2,0,1,0,1,2,2,0,0,2,0,1,2,1,2,1,0,0,1,0,0,1,2,0,1,0,0,0,0,2,0,1,0,1,2,0,1,2,0,0,0,0,1,1,2,0,0,0,2,1,1,0,0,2,2,1,0,0,1,0,1,0,1,1,0,2,0,1,1,2,2,1,1,0,2,0,0,1,0,1,2,2,1,2,2,2,2,2,1,2,0,0,0,1,1,0,0,2,1,0,1,0,2,2,0,1,2,2,2,0,0,0,2,2,1,2,1,0,0,0,1,1,2,1,2,0,1,2,1,0,1,2,0,1,2,1,2,1,1,1,2,2,1,0,1,0,2,1,2,0,2,0,0,0,1,2,1,0,0,0,1,2,0,2,2,2,1,0,2,2,1,1,2,0,0,1,2,2,2,1,2,1,2,1,0,2,2,0,0,0,2,0,1,0,1,0,2,2,2,2,0,1,1,1,1,0,1,0,0,1,2,0,1,0,0,2,0,1,1,1,1,2,0,1,1,2,0,2,1,2,1,1,0,1,1,2,1,2,0,1,0,0,0,1,0,2,0,0,2,0,0,1,0,1,2,2,1,2,0,2,2,2,0,2,0,2,1,0,0,0,0,0,0,1,0,2,0,1,1,0,2,1,2,1,1,0,2,1,2,0,1,1,1,0,1,0,1,0,0,1,1,0,1,1,0,2,2,1,1,0,1,0,0,0,2,2,2,0,1,2,1,2,0,2,1,0,0,1,2,2,1,0,1,2,0,0,2,1,1,2,0,0,1,0,2,2,2,2,0,1,0,0,0,1,1,0,2,0,2,0,2,2,2,0,2,0,0,2,1,0,2,2,2,1,2,0,2,2,0,2,1,2,2,0,1,0,2,0,1,1,2,2,2,2,0,0,0,0,2,2,2,2,1,0,2,0,2,0,1,0,1,1,2,2,1,2,1,2,0,1,2,2,2,0,1,0,1,0,1,0,1,0,1,2,2,0,2,2,2,0,1,0,2,1,1,1,0,0,0,0,0,2,0,1,0,2,0,0,2,2,2,2,1,2,2,1,2,0,1,0,1,1,0,0,2,2,1,2,2,1,0,0,0,0,0,0,1,1,0,1,0,2,0,1,0,2,2,2,0,1,0,2,1,2,2,0,2,1,1,1,1,1,1,2,2,1,0,1,2,1,1,0,0,1,0,2,0,2,2,2,2,1,2,2,2,2,1,2,2,1,1,1,0,1,2,2,0,0,2,1,0,2,1,0,2,2,0,2,1,0,2,1,0,0,0,0,2,0,1,0,2,0,1,2,2,0,1,0,1,1,1,2,1,0,0,0,0,0,2,0,1,1,1,0,1,2,2,1,2,2,0,2,2,0,0,0,2,2,2,1,1,2,1,2,1,2,1,1,0,0,2,0,2,0,1,1,0,0,2,1,0,0,1,2,0,1,0,2,1,1,1,1,2,2,0,2,2,0,1,1,2,2,0,2,0,1,0,2,0,2,2,2,1,2,2,0,1,1,2,2,1,2,2,2,2,2,2,0,0,1,1,0,0,1,0,0,0,2,1,2,1,2,2,1,1,0,2,1,0,0,1,2,2,1,1,1,1,0,0,0,2,0,0,2,1,1,2,2,2,1,2,1,0,1,2,1,2,2,1,1,0,0,0,1,1,1,0,0,1,1,1,2,2,1,2,1,0,2,0,1,0,0,2,0,0,0,2,1,0,2,0,2,1,1,2,0,1,1,0,2,0,1,2,2,0,0,2,0,1,1,0,2,2,1,0,0,0,2,0,1,0,0,0,2,0,2,2,1,0,1,2,2,2,2,1,1,2,2,2,0,1,2,0,2,1,2,1,0,2,0,1,0,0,2,1,0,0,0,2,0,0,1,2,2,0,0,1,0,1,1,2,2,2,0,2,1,0,2,0,1,2,1,0,1,1,1,2,1,0,0,0,2,1,0,2,2,0,1,0,2,0,2,2,2,0,1,2,2,2,1,0,0,1,0,0,0,1,1,0,1,2,2,2,0,1,0,0,1,2,2,2,0,1,1,1,2,0,2,1,1,2,2,1,0,1,2,0,2,1,1,0,1,1,2,0,1,0,2,1,2,0,2,2,2,2,0,2,0,2,1,0,1,0,2,1,0,0,0,2,0,0,0,1,0,2,1,0,0,0,0,0,2,1,0,0,0,2,1,2,0,0,0,2,2,2,2,1,1,1,0,1,2,2,0,0,1,1,0,2,0,2,1,2,0,0,2,1,0,0,0,2,2,0,1,1,0,0,0,0,1,0,1,1,2,1,2,1,2,0,1,1,2,0,0,2,1,0,0,2,0,1,2,1,1,2,2,2,1,2,2,0,1,2,0,1,2,1,2,0,2,1,0,2,1,1,2,0,2,0,1,2,2,1,2,1,1,1,1,2,1,2,1,2,0,1,1,1,2,0,1,2,1,1,0,2,1,0,2,0,0,0,2,1,0,1,2,0,1,0,1,1,0,0,1,0,2,0,0,0,0,2,2,0,1,1,2,1,2,2,1,0,1,1,2,2,0,1,0,1,0,2,1,0,2,0,2,2,1,1,1,1,2,2,2,2,0,1,1,0,2,0,1,2,1,2,0,0,2,2,1,2,2,1,1,0,0,0,0,2,1,0,2,2,0,1,2,2,2,1,1,2,2,2,2,2,2,2,2,2,0,0,1,2,2,0,2,0,1,2,2,1,0,2,2,0,0,0,2,0,0,0,1,2,1,0,2,2,1,2,0,0,2,2,2,1,1,1,2,0,0,2,0,0,2,1,2,2,2,1,0,0,1,1,1,0,0,2,0,1,1,0,0,0,1,0,2,0,0,1,1,2,0,2,0,2,0,1,0,0,1,1,0,1,0,1,1,0,2,1,0,1,0,1,2,0,0,1,2,0,2,1,0,1,1,2,0,2,2,1,1,2,2,1,1,0,2,2,2,2,1,2,0,2,0,2,2,1,1,0,1,0,0,1,2,2,1,1,1,0,1,0,1,2,0,2,1,2,2,0,2,2,0,1,1,0,0,1,1,1,1,1,0,1,2,0,2,2,0,1,2,2,1,1,2,0,1,1,1,2,0,2,1,1,2,1,1,1,1,2,1,0,1,2,0,1,1,1,0,2,1,2,0,0,2,1,0,1,0,2,2,2,1,1,1,2,2,0,2,1,0,2,2,2,2,2,2,0,0,1,2,2,2,0,0,2,0,2,2,2,2,2,2,2,0,2,1,1,2,0,2,2,0,2,1,0,0,1,1,1,1,2,1,2,0,2,0,0,0,2,2,0,0,2,1,2,1,0,1,0,2,0,1,2,0,1,2,0,1,1,1,1,0,2,2,1,0,2,1,0,2,0,1,0,0,2,1,0,1,0,2,2,2,1,2,2,0,2,1,0,2,0,2,1,1,2,0,1,2,0,0,1,1,1,0,2,0,0,2,2,0,0,2,2,1,0,1,2,1,1,2,1,0,0,1,0,0,0,0,0,1,2,2,2,1,1,2,0,1,2,1,2,1,1,1,1,1,0,2,1,1,1,0,2,0,0,0,2,1,0,1,2,0,1,1,2,1,1,2,2,0,2,0,2,0,2,0,2,2,0,0,1,0,2,0,0,0,0,0,1,0,2,1,1,0,1,2,2,1,0,2,2,1,2,0,1,2,2,2,0,1,0,0,1,0,2,1,0,1,1,1,1,2,1,2,0,1,2,2,2,2,2,0,1,0,2,2,0,0,0,0,1,2,1,1,1,1,0,1,0,0,0,0,2,2,2,0,0,0,1,2,2,2,2,2,2,2,1,2,1,1,1,2,0,1,1,2,0,0,1,2,0,2,0,2,2,1,2,2,2,2,2,1,1,2,1,1,1,2,0,1,2,2,1,1,0,2,1,2,1,1,1,0,2,1,0,0,2,2,2,1,0,1,2,1,2,1,1,0,0,0,2,1,0,1,0,0,1,2,0,0,2,0,0,0,1,0,1,0,1,0,1,0,1,1,1,0,2,2,0,0,0,1,2,0,1,1,1,1,2,1,1,0,1,1,1,0,1,1,2,1,2,2,1,2,2,2,1,1,0,2,1,0,2,0,1,1,0,1,2,1,1,0,2,0,0,1,0,0,1,0,0,1,2,2,0,1,2,1,2,2,2,2,0,2,1,1,0,0,0,1,1,2,2,0,0,0,1,2,0,1,2,0,1,2,1,1,2,1,2,2,0,1,2,2,1,2,0,1,1,0,0,0,0,1,2,2,2,0,1,0,1,0,2,1,1,0,2,1,2,1,2,0,2,0,0,1,2,0,1,0,0,0,1,1,1,2,1,1,1,0,1,2,0,0,0,1,0,2,0,2,0,1,1,1,0,0,0,2,0,1,2,0,1,0,1,1,0,1,0,1,1,2,1,1,2,2,1,1,1,0,1,0,1,1,2,1,2,2,1,1,2,2,2,1,1,1,1,1,1,2,1,1,0,2,1,0,0,1,1,1,0,2,2,0,0,1,1,2,2,1,2,2,2,0,0,2,2,2,0,1,0,2,1,0,0,2,0,0,1,2,1,2,1,2,0,0,1,0,2,0,0,2,0,1,1,2,2,0,1,0,1,1,1,2,2,1,1,1,2,0,1,2,0,1,1,1,0,1,0,2,2,0,2,1,0,0,1,2,0,0,1,0,1,0,2,2,1,0,1,2,2,0,2,2,0,0,1,1,1,2,1,2,2,2,0,1,0,0,0,1,0,0,0,1,1,0,2,1,0,2,1,2,0,2,0,2,2,0,2,2,0,1,0,0,2,0,2,2,1,0,2,0,2,2,1,1,2,2,2,1,0,0,1,2,1,0,1,0,2,2,1,2,1,2,0,1,0,1,2,2,1,0,2,0,2,1,0,1,2,0,0,2,2,1,1,0,0,1,2,0,2,2,1,2,1,0,1,1,0,0,2,2,2,2,2,0,1,0,1,1,1,0,1,2,1,0,2,2,0,1,1,2,0,2,2,0,2,1,1,2,2,2,1,1,0,1,0,2,2,2,2,0,2,2,1,0,0,1,1,0,1,2,1,0,0,0,2,2,0,2,0,1,2,2,1,1,1,2,0,2,0,0,1,2,0,1,1,0,1,1,1,2,0,0,0,2,1,0,2,1,2,1,0,1,1,2,2,0,1,0,2,2,2,1,1,0,1,2,1,2,0,0,0,0,1,1,1,1,0,2,1,0,0,2,0,2,0,1,1,0,0,1,2,0,2,2,2,1,1,0,0,0,0,1,0,1,2,2,2,0,1,0,1,1,0,0,1,0,0,1,1,2,2,0,0,2,2,0,0,0,2,2,2,2,1,1,2,2,2,0,0,2,0,1,2,2,2,2,0,0,2,0,2,2,2,0,2,1,1,1,1,0,2,0,2,0,0,1,2,2,1,0,2,0,1,2,2,1,2,0,0,2,0,0,1,1,1,0,2,0,2,2,2,2,1,2,2,0,1,2,2,2,0,0,0,1,0,1,2,0,0,0,0,1,2,0,0,2,2,0,1,1,2,2,2,2,0,0,0,1,0,1,0,1,1,0,0,0,2,2,0,0,1,1,0,2,2,1,1,0,2,0,2,1,0,1,2,1,1,2,1,0,0,1,2,1,1,2,2,0,1,2,0,0,0,1,1,2,0,2,1,2,0,1,0,0,0,2,0,1,1,2,2,2,0,0,0,2,2,1,0,2,1,0,0,2,1,1,2,0,2,0,2,0,1,2,2,0,0,0,2,2,1,1,1,0,0,1,1,0,0,0,2,1,1,0,1,0,2,0,1,0,2,0,2,1,0,1,2,0,0,2,1,1,0,0,1,0,2,1,1,1,2,1,2,2,0,2,2,1,2,2,2,1,0,1,1,1,2,1,1,1,1,0,0,1,1,0,2,2,0,1,1,1,1,2,1,1,0,0,2,2,0,2,1,1,1,1,2,0,2,2,2,0,1,0,1,0,0,1,0,2,0,0,0,2,1,1,2,2,0,1,1,0,0,1,0,2,0,2,2,0,2,2,0,0,1,2,0,1,0,0,0,0,1,2,0,1,1,0,0,2,0,0,2,0,1,1,2,2,1,0,1,0,0,2,2,2,0,0,1,0,2,0,1,2,1,0,1,1,2,2,2,2,0,0,0,2,1,1,2,0,1,1,1,0,0,0,1,0,2,0,2,0,2,0,0,1,0,0,2,0,2,2,2,2,2,1,0,2,0,0,0,0,0,0,2,0,2,0,1,0,2,2,2,1,1,1,0,1,0,1,1,0,2,0,0,1,2,2,1,2,0,0,0,2,2,0,1,1,0,2,0,1,2,1,0,0,0,1,1,1,2,0,1,1,1,2,1,0,2,1,0,1,0,1,2,0,1,2,0,2,0,0,0,2,0,2,2,2,0,1,1,2,0,0,1,1,0,1,1,0,2,0,1,1,2,2,1,0,2,1,2,0,0,0,2,2,2,0,1,1,0,0,1,1,1,1,0,0,2,0,2,2,0,1,0,0,1,1,1,1,1,0,0,2,0,0,2,0,2,2,2,2,1,1,1,2,0,2,1,1,0,0,1,2,1,2,2,2,2,0,0,0,1,1,0,1,0,1,1,1,2,0,2,2,2,0,1,0,1,2,2,0,0,2,0,0,1,0,0,1,2,1,0,1,2,2,1,2,2,1,1,0,2,1,0,1,1,2,1,2,1,0,2,0,1,1,0,0,1,0,2,1,1,1,2,1,0,2,2,1,2,2,1,2,2,2,2,1,1,2,1,0,0,2,2,1,1,2,1,1,1,0,0,0,0,0,0,2,2,1,0,1,0,1,1,2,2,0,1,1,2,2,1,0,2,1,1,1,2,1,2,0,0,2,0,2,0,0,0,0,2,2,2,0,0,0,2,0,2,1,0,2,1,1,0,1,0,0,2,2,1,1,2,0,0,0,1,1,1,1,1,0,2,2,2,2,1,0,0,0,1,0,1,1,0,1,2,2,1,0,1,1,0,2,0,2,2,1,1,1,1,0,0,2,2,1,2,0,0,2,1,0,2,1,2,1,2,1,0,2,2,2,0,0,1,1,0,0,1,1,1,1,2,2,2,1,0,2,0,2,2,2,1,1,1,0,0,1,1,0,1,0,0,2,1,2,0,0,0,1,2,0,1,2,0,1,0,0,0,1,0,1,2,2,1,2,0,1,0,2,1,0,1,2,1,1,1,2,1,0,0,2,1,1,1,0,2,1,2,2,2,2,2,1,1,2,1,2,1,0,1,1,0,1,2,0,1,2,2,2,2,2,1,0,2,2,2,2,0,1,2,1,2,0,0,2,0,0,0,0,0,0,2,0,0,2,0,2,1,1,2,0,1,1,2,0,0,2,2,0,0,2,0,2,2,1,0,1,0,2,0,0,0,0,2,0,1,2,1,0,1,2,0,2,0,2,1,0,0,0,1,2,0,1,1,2,1,1,1,0,0,0,0,0,2,2,0,2,2,2,1,2,1,1,1,2,0,2,1,0,0,0,2,2,1,0,2,0,2,0,1,0,1,0,2,0,1,1,1,1,0,2,0,1,2,1,2,0,2,1,2,1,2,2,2,2,1,2,0,0,2,0,2,2,2,0,1,2,1,0,2,0,2,2,2,0,1,1,0,2,2,2,2,0,1,2,1,2,2,1,2,0,1,2,0,0,0,2,2,1,1,0,0,2,1,1,1,0,1,2,0,1,2,0,0,1,2,0,2,0,0,2,0,2,0,1,1,1,1,1,0,2,1,1,2,2,0,0,1,2,1,2,2,1,0,2,2,2,2,2,0,1,0,0,1,1,2,0,1,2,1,2,0,0,0,2,2,2,1,2,1,1,2,0,0,0,0,1,1,1,0,1,0,2,0,1,1,2,2,0,0,1,2,0,2,2,1,2,0,0,1,0,1,2,2,0,1,2,1,2,1,2,1,2,0,1,1,1,1,1,2,0,2,2,1,2,2,1,1,0,0,1,0,2,0,1,1,1,1,2,2,0,0,1,0,1,0,2,2,2,1,0,2,2,2,0,0,2,2,1,2,2,0,2,0,2,1,0,2,0,0,1,1,1,0,2,0,0,0,1,0,2,1,2,1,2,1,0,1,2,0,2,0,1,2,2,1,0,1,2,1,2,1,0,2,2,2,1,1,1,0,0,1,1,1,1,1,1,2,1,1,1,0,0,2,0,1,2,2,0,1,2,2,2,2,0,2,1,1,2,2,2,2,1,0,1,0,2,2,0,1,0,2,2,0,0,0,0,2,0,2,1,0,1,1,2,2,1,1,2,1,2,2,0,1,1,2,0,0,0,0,2,0,0,1,2,1,2,2,2,1,0,1,1,1,1,0,0,2,0,2,1,0,2,2,1,0,0,2,1,2,2,2,1,0,2,1,0,1,2,2,0,1,2,2,0,0,2,1,2,0,1,0,1,2,1,1,0,1,1,0,0,1,2,0,1,2,2,0,1,0,0,2,2,2,2,2,0,2,0,1,1,2,2,0,0,2,0,0,2,0,1,1,0,1,0,1,2,1,1,2,0,0,0,1,1,1,1,1,2,2,1,0,1,2,2,0,1,2,2,1,1,1,2,1,1,1,2,2,2,0,0,0,0,1,1,0,0,2,2,1,2,0,2,2,0,0,1,1,0,2,1,1,1,0,2,0,0,0,0,0,1,2,1,0,0,0,0,2,2,1,0,2,2,0,1,0,0,1,2,0,0,0,1,0,2,0,2,0,0,2,2,1,1,0,0,2,0,0,2,1,0,2,1,0,1,2,2,1,0,2,0,0,0,0,2,2,2,2,0,1,1,0,1,2,0,0,0,2,0,1,1,1,1,0,0,1,2,1,1,2,2,1,0,1,1,1,1,0,2,0,1,2,2,0,2,0,2,1,1,0,1,0,2,2,2,2,1,1,2,1,1,2,0,0,2,0,0,1,0,0,2,2,0,2,1,2,2,2,2,1,0,1,2,2,1,1,1,1,1,0,1,2,0,0,2,0,0,2,2,1,1,1,0,0,0,2,0,2,0,1,2,2,0,2,2,2,0,1,0,1,2,2,2,1,0,2,1,1,2,0,1,2,2,1,0,2,2,1,2,0,1,2,1,0,2,0,0,2,2,1,1,0,2,0,0,2,2,0,1,0,1,2,0,1,0,1,2,0,0,1,1,1,0,1,1,0,2,2,2,0,1,0,1,1,0,2,1,0,1,0,0,2,0,0,1,2,0,2,1,0,1,0,0,0,0,1,0,1,0,0,2,0,2,0,0,1,1,0,0,2,0,0,2,1,2,1,2,2,1,2,1,0,1,2,0,2,0,1,2,2,0,2,2,1,1,0,0,0,0,1,0,0,1,0,0,2,1,0,1,0,1,0,2,2,2,2,2,1,2,0,1,2,2,1,0,1,2,0,1,1,0,1,2,0,1,2,0,0,2,0,0,2,2,0,0,1,2,2,0,0,1,2,2,1,1,1,2,0,2,0,2,2,1,2,1,1,2,1,1,2,2,2,2,2,0,0,1,2,1,2,0,0,2,0,0,2,1,1,1,2,0,1,2,0,1,1,0,1,1,2,0,2,2,0,1,2,2,2,0,1,2,0,2,2,0,0,1,0,0,0,0,2,0,1,0,0,2,0,0,0,2,1,0,2,0,1,1,1,0,2,0,0,1,0,2,2,1,0,0,1,1,0,1,2,1,1,2,2,2,0,1,0,2,2,2,1,1,2,2,0,1,2,0,0,1,1,2,0,1,2,1,2,1,2,2,1,2,2,0,1,1,2,0,1,0,0,2,0,0,1,0,0,0,2,1,2,2,2,0,0,1,2,0,0,2,1,1,2,0,0,2,1,1,0,0,1,2,2,0,1,2,0,1,0,2,2,1,1,1,0,0,2,2,2,2,0,1,0,2,2,1,2,1,1,1,0,2,2,1,1,2,2,0,2,1,2,2,2,1,1,2,1,0,0,1,1,0,2,1,0,2,2,2,2,0,0,0,1,0,0,0,1,1,1,0,1,0,0,0,2,1,0,2,1,0,0,2,0,2,2,1,2,0,2,1,2,2,1,2,0,0,2,2,0,0,1,0,1,2,1,1,0,2,1,0,1,2,2,2,1,1,2,0,1,1,2,1,2,0,2,1,0,2,1,2,0,0,0,0,0,2,0,2,1,0,0,0,1,2,0,0,2,1,2,0,2,1,2,0,1,1,2,0,0,1,1,0,0,2,0,1,2,1,1,0,1,0,2,2,2,2,1,2,0,2,1,2,2,1,1,1,0,1,2,2,1,2,0,0,0,2,1,1,1,0,2,0,1,0,2,0,0,2,0,2,1,1,1,2,0,1,0,0,2,2,1,0,0,0,2,2,0,2,1,1,0,1,1,2,1,2,2,0,0,1,2,2,2,2,2,1,2,0,1,2,1,0,2,2,2,2,2,1,2,1,2,0,0,1,1,2,2,1,0,1,2,0,2,0,1,2,2,1,2,1,0,0,1,2,0,1,1,0,2,2,2,0,1,2,2,1,0,1,2,1,0,2,2,2,2,0,1,0,2,0,0,0,1,1,2,2,2,0,2,2,2,0,2,1,0,2,1,2,1,2,2,1,0,1,1,2,2,0,1,2,1,2,1,2,2,0,2,0,1,1,0,2,2,2,2,1,0,1,0,0,1,1,2,1,2,1,1,2,1,1,0,2,2,1,1,2,2,1,1,2,2,1,2,2,1,2,1,2,0,1,2,1,0,2,0,2,0,0,0,2,0,0,0,1,2,2,2,2,1,0,2,0,0,1,1,0,0,0,1,0,1,2,2,0,2,1,2,1,2,2,1,0,1,0,2,2,0,2,2,1,1,0,0,1,1,0,2,2,2,0,1,0,1,0,0,1,0,2,1,2,2,0,0,2,0,0,2,0,2,1,1,1,1,0,0,1,0,1,0,1,0,2,2,1,1,2,1,2,0,2,1,0,2,2,0,2,2,0,2,2,2,0,1,2,0,2,2,2,0,1,0,0,2,2,1,1,2,1,2,2,0,2,2,2,2,0,0,0,1,0,2,0,0,2,1,2,0,2,2,2,2,2,2,1,2,0,2,2,2,2,1,1,0,0,1,2,0,2,0,2,0,2,2,0,1,2,1,2,0,2,2,1,2,1,0,0,1,2,1,0,2,2,1,1,1,2,1,1,2,1,0,2,2,0,0,0,2,1,2,2,0,1,0,0,2,1,1,1,0,1,1,2,2,1,1,0,0,1,1,0,2,0,2,1,0,0,1,2,2,1,0,2,2,1,1,0,1,0,0,0,0,1,1,1,1,1,0,2,1,0,2,2,0,2,1,1,0,2,1,1,1,2,2,2,2,2,2,1,1,1,2,0,2,2,2,1,1,1,0,2,1,2,1,0,1,1,0,0,0,2,1,2,2,1,1,2,0,1,0,2,0,0,2,2,1,0,2,1,2,0,2,2,2,2,0,0,0,1,0,2,1,1,0,2,1,2,2,1,2,2,1,0,1,2,2,0,1,0,1,2,2,1,1,1,0,0,0,1,2,2,1,2,2,0,2,2,1,0,0,2,0,1,1,2,1,0,0,0,1,2,0,0,0,0,1,1,1,2,1,2,2,1,2,2,2,1,1,2,2,2,2,1,2,0,0,0,2,0,2,1,2,0,1,1,1,0,0,2,2,1,1,0,1,0,0,1,0,1,0,2,0,2,0,1,2,2,1,2,1,1,1,0,1,0,0,2,0,1,1,2,2,2,1,1,0,1,2,2,2,0,2,2,0,1,1,1,1,1,2,0,0,2,2,2,0,0,0,1,1,2,0,2,1,0,1,1,2,1,1,2,2,2,2,2,2,0,0,2,1,2,2,2,1,2,0,0,2,1,1,0,1,0,2,0,1,2,2,0,0,0,2,0,1,0,1,2,1,0,1,2,2,1,0,0,1,1,0,2,2,0,1,2,1,1,0,1,1,2,1,2,2,1,0,2,0,2,1,0,0,2,2,1,1,0,0,1,1,0,0,2,0,0,2,0,2,0,2,1,1,2,1,0,0,0,0,2,0,0,1,1,2,0,0,2,1,1,2,0,2,1,1,1,2,1,2,1,2,0,1,2,2,2,1,2,2,1,1,2,0,2,1,0,1,2,1,1,0,2,1,2,0,1,1,0,0,0,2,1,0,1,0,0,0,1,2,0,0,1,0,0,2,2,0,2,1,0,0,1,1,2,2,2,0,1,1,0,1,0,2,0,0,0,2,0,1,0,0,0,1,0,2,2,0,1,1,1,1,0,0,2,1,2,0,0,0,1,1,2,2,0,0,0,1,2,1,0,1,1,2,1,1,0,0,2,2,2,0,1,0,0,2,1,0,1,0,0,0,2,1,2,1,0,2,0,0,1,2,2,1,2,1,2,0,0,1,1,0,1,1,1,1,2,2,1,2,0,2,1,0,0,0,2,2,2,0,1,2,1,1,0,1,2,1,0,0,0,2,0,0,1,2,2,0,0,1,0,0,1,0,2,1,0,2,2,2,0,2,1,1,2,0,1,1,1,1,1,1,1,1,0,2,0,2,2,2,2,2,0,2,1,1,0,1,0,0,1,0,0,0,2,1,2,2,2,1,0,1,0,2,2,0,0,0,1,2,0,2,2,1,1,1,0,2,2,0,2,2,0,1,2,2,0,1,1,1,1,2,2,0,2,2,2,2,1,1,0,2,1,0,0,1,1,0,0,0,0,1,0,2,1,2,0,1,0,2,1,2,2,2,2,0,2,1,0,2,0,2,0,2,2,0,0,2,0,2,1,2,2,0,0,1,2,0,1,1,2,0,0,2,0,1,0,0,2,0,1,2,2,1,0,2,2,1,0,1,1,0,1,1,1,0,0,1,0,2,0,2,2,2,2,1,0,2,2,0,2,0,0,0,2,0,0,2,0,2,1,1,2,1,1,0,1,0,1,1,2,0,2,1,0,0,0,2,0,2,0,0,2,1,0,0,0,0,0,1,0,1,1,1,1,1,1,2,0,1,2,1,0,1,0,2,2,2,2,0,2,0,0,0,1,1,0,1,1,0,2,0,2,2,1,0,1,0,1,0,0,1,1,1,1,1,2,1,0,1,2,1,2,2,0,1,0,1,2,0,1,1,2,0,0,2,0,2,0,0,1,2,2,2,0,0,2,0,1,1,2,2,0,0,2,1,1,0,1,1,0,2,0,0,2,2,0,0,2,0,1,2,1,2,0,2,1,1,1,0,2,0,0,2,2,2,2,2,1,2,0,2,1,1,2,2,2,0,0,1,0,0,2,2,2,1,1,1,2,1,2,2,2,0,1,0,0,1,1,0,1,1,2,0,2,1,1,0,1,1,1,0,0,1,1,1,0,1,1,2,0,0,0,2,2,0,0,0,0,2,1,2,1,1,1,2,1,1,0,0,0,0,2,1,2,1,0,1,2,2,0,0,0,2,2,0,0,1,0,0,1,1,2,1,2,1,0,1,1,1,1,2,1,1,2,0,1,2,1,0,2,2,2,0,0,2,2,0,0,2,1,0,0,2,2,1,2,0,0,0,0,2,1,0,1,1,0,2,1,2,1,2,1,2,1,2,2,1,2,0,2,2,2,1,1,1,2,1,2,2,2,1,1,2,1,1,2,1,2,1,2,2,0,2,2,1,2,1,2,2,2,0,0,0,1,1,0,2,1,0,1,1,2,1,0,2,1,0,1,0,0,2,2,1,2,1,0,1,1,0,1,1,2,2,0,0,2,0,0,0,2,0,2,1,1,2,2,1,0,0,2,1,0,2,2,1,1,2,1,2,2,2,2,0,1,1,1,2,0,2,0,0,1,2,0,2,2,0,2,2,0,0,2,1,2,1,1,0,2,2,2,1,2,2,0,0,0,0,2,0,1,1,2,1,1,1,2,2,1,0,1,1,1,1,0,1,1,2,1,0,2,0,2,0,1,2,2,0,1,1,2,1,2,0,2,1,0,1,0,1,2,1,2,0,2,1,2,1,0,1,1,1,0,1,0,0,2,0,0,2,2,0,0,2,0,2,2,0,0,2,2,0,2,1,2,0,1,0,2,1,1,2,1,2,0,2,1,2,1,1,2,2,1,0,1,0,1,1,1,1,0,0,0,2,0,0,0,0,0,2,1,2,0,1,1,2,0,2,2,0,2,0,1,1,1,0,0,2,1,1,2,0,1,2,0,0,2,0,0,2,0,1,2,2,2,2,2,0,1,0,2,2,1,1,2,2,2,1,0,2,2,2,2,1,0,0,2,2,1,1,1,1,1,1,2,2,0,2,2,1,1,2,0,1,0,1,2,2,0,2,2,2,0,2,1,1,1,2,0,0,0,1,2,0,1,0,1,0,1,1,2,2,1,0,0,2,0,1,2,0,0,1,2,1,1,2,2,1,0,0,0,0,2,2,0,2,0,0,1,0,2,0,2,1,1,1,0,2,2,0,0,0,1,0,1,0,1,0,2,1,2,0,1,2,2,0,0,0,0,0,0,2,0,2,1,0,2,1,1,1,2,0,1,1,2,1,0,1,2,0,2,1,2,0,0,1,1,0,1,1,2,0,2,2,0,2,1,0,0,2,2,0,2,1,2,1,1,1,1,2,2,0,1,2,2,0,2,1,1,1,2,0,0,1,0,0,0,2,1,1,0,0,0,1,0,0,2,2,0,1,1,0,2,1,2,2,0,0,2,2,0,0,2,2,0,0,1,1,1,0,0,0,1,2,0,0,0,1,0,1,2,2,2,1,1,1,1,0,2,2,1,1,1,0,2,0,2,0,2,1,2,2,1,2,1,0,1,1,2,1,2,2,1,0,1,1,0,1,2,1,0,0,0,0,0,2,1,2,0,2,0,1,0,2,1,0,0,2,0,1,2,0,2,2,1,1,1,0,0,2,0,1,1,1,1,2,0,1,1,0,0,2,0,0,1,1,0,0,0,0,1,1,1,0,1,2,1,2,1,1,2,2,2,1,1,0,2,2,0,2,2,2,0,2,0,1,1,0,1,2,1,2,1,1,2,0,0,1,2,1,1,0,1,2,1,2,2,1,2,1,1,0,2,2,1,0,2,0,1,2,1,1,2,0,1,2,2,1,2,0,1,2,1,1,2,0,2,1,1,0,2,2,2,0,2,0,1,1,0,0,1,0,1,2,2,1,1,0,1,1,1,1,1,2,2,0,2,1,1,1,1,0,1,0,1,1,0,0,1,0,1,2,2,1,2,0,1,2,1,0,0,0,1,0,0,1,2,1,1,0,2,0,0,0,0,0,1,0,1,2,1,2,2,2,0,2,1,1,2,2,1,0,1,0,0,1,1,2,1,2,0,1,2,2,2,0,2,2,0,0,2,1,2,1,2,1,0,2,2,0,0,1,0,1,1,0,0,0,0,0,2,2,2,0,1,2,0,1,1,2,1,0,1,2,0,2,2,2,1,2,2,1,1,2,0,2,1,1,0,2,1,1,1,2,1,2,1,1,2,1,2,2,1,0,0,2,0,0,1,0,2,0,2,0,2,1,0,1,2,1,0,1,2,1,1,0,2,2,1,2,1,1,0,2,2,2,2,0,2,1,0,2,1,2,2,0,1,1,1,0,1,2,1,2,0,1,2,2,0,2,2,2,0,1,1,0,2,1,0,0,2,1,0,1,0,0,1,1,1,1,2,0,1,0,1,1,2,2,2,0,0,2,1,1,1,2,2,0,0,0,0,2,0,1,1,1,2,0,0,1,1,1,2,0,0,1,0,2,0,0,2,2,1,2,1,1,2,2,2,2,1,2,2,1,2,1,1,0,1,1,1,1,2,1,1,2,2,2,1,1,1,0,0,0,0,0,1,1,2,1,1,0,1,1,2,2,0,1,2,2,1,2,1,0,1,2,1,0,2,1,1,1,2,2,1,1,0,0,0,1,1,2,1,0,2,1,0,1,2,1,1,1,1,2,2,0,2,1,1,1,1,2,0,0,1,1,2,1,2,0,2,1,0,0,0,0,1,2,0,1,2,0,0,1,1,1,2,2,2,2,2,1,2,0,0,1,0,0,2,0,1,0,2,0,1,2,1,1,1,1,2,0,2,0,2,0,0,1,2,2,1,1,1,1,1,2,1,2,0,0,2,1,2,1,1,1,2,2,2,1,2,0,2,1,2,1,2,1,2,1,2,2,2,2,1,1,2,0,0,0,2,0,2,2,0,1,0,1,2,1,1,0,0,1,1,2,2,0,1,1,2,2,1,2,0,1,2,1,0,2,2,1,0,1,0,1,1,0,2,2,2,1,2,0,2,2,2,2,2,1,0,1,1,2,1,2,1,2,0,0,0,0,2,0,2,2,1,1,1,1,2,2,0,0,0,2,0,2,1,0,0,1,0,1,2,1,0,1,0,2,0,2,0,0,2,2,0,0,1,2,1,0,1,0,2,1,0,2,2,2,2,2,2,0,0,1,2,2,2,2,0,1,0,2,1,2,2,2,0,2,2,2,1,1,2,2,1,0,0,1,1,2,1,0,0,0,0,0,2,0,0,0,1,0,2,0,2,2,1,2,2,2,0,0,2,1,1,2,1,2,2,0,0,2,2,2,2,0,0,0,0,0,0,2,0,2,2,1,0,0,1,0,2,2,1,0,2,2,0,1,0,2,1,0,0,2,0,0,2,1,2,2,2,0,0,1,0,0,2,0,2,1,2,2,2,1,1,1,2,1,2,2,2,2,0,1,0,2,1,2,0,2,1,0,2,0,1,1,0,1,1,2,2,0,0,2,1,0,2,0,2,1,2,2,1,2,1,2,1,2,2,2,0,2,1,2,2,1,0,2,0,0,1,0,2,0,1,1,1,2,2,2,2,2,0,1,1,1,1,2,1,0,0,2,2,1,2,2,2,0,1,2,1,1,1,2,2,0,1,1,2,2,0,0,0,0,0,2,1,0,1,0,0,0,0,1,2,1,1,0,2,1,2,1,0,0,0,0,1,2,1,0,0,0,0,1,2,0,0,1,2,2,1,2,2,2,2,0,0,0,2,0,0,2,0,2,1,1,1,0,0,0,2,1,0,2,1,0,2,0,2,2,0,0,0,0,2,1,1,1,0,1,2,2,1,0,0,0,1,1,0,0,1,0,2,1,2,1,1,2,2,2,2,2,2,1,0,2,2,2,1,2,1,2,1,0,2,1,0,1,1,1,1,0,0,2,1,0,1,0,1,0,1,1,1,1,1,2,0,0,2,0,1,1,0,1,1,1,2,1,0,0,1,2,0,1,1,0,2,1,1,2,1,0,1,2,0,1,1,0,1,1,0,2,2,1,0,1,1,0,0,0,2,2,2,1,0,2,0,1,0,2,2,1,2,0,0,1,2,1,0,1,0,1,2,2,2,2,1,2,1,0,2,1,2,2,2,2,2,0,2,2,0,1,1,2,2,2,0,2,2,2,0,0,2,1,1,1,0,0,1,0,0,2,1,1,1,0,1,0,0,0,2,0,0,1,1,1,2,0,1,1,0,1,2,0,1,2,0,2,2,2,1,0,2,2,2,1,0,0,2,2,2,0,2,0,2,1,1,0,1,0,0,1,2,1,1,2,1,1,0,2,0,0,1,1,0,2,1,2,1,1,1,2,0,2,1,0,1,0,1,0,1,0,1,2,0,1,0,0,2,2,1,2,0,0,2,1,2,1,2,2,0,1,1,0,1,1,2,0,0,1,2,0,0,0,2,0,2,2,0,0,2,1,2,2,2,0,0,1,1,2,2,0,1,0,1,0,0,0,0,0,1,0,0,0,1,1,0,2,2,1,0,1,1,1,1,2,0,0,1,0,2,1,0,2,1,1,0,1,1,0,1,2,2,0,0,1,1,2,0,2,1,0,2,2,0,2,1,0,0,1,0,0,1,0,2,0,2,0,0,1,0,0,1,2,0,1,1,1,2,0,0,0,0,2,2,2,0,1,0,1,1,0,0,2,2,0,2,0,1,2,1,1,1,0,1,0,2,0,1,2,0,2,2,0,1,1,1,2,1,1,0,1,2,2,0,1,0,1,0,1,2,1,1,0,0,2,1,2,2,2,0,1,2,0,2,1,1,0,2,1,2,1,2,0,2,0,0,1,0,1,0,1,1,0,1,0,0,1,2,2,2,2,2,2,2,1,2,2,1,2,0,1,0,0,0,1,0,2,2,1,0,1,1,0,2,2,1,0,2,2,1,1,0,0,0,1,2,2,1,2,0,2,0,1,0,2,2,0,0,2,0,1,2,2,1,1,2,2,1,1,1,2,0,0,0,0,2,0,0,1,1,2,1,1,1,1,0,0,1,1,1,0,2,0,0,1,1,2,2,2,0,0,1,0,0,2,1,2,1,2,0,1,2,2,0,2,1,1,0,0,0,2,0,2,0,1,2,0,1,2,1,0,1,1,0,0,0,1,2,1,0,2,0,2,0,0,1,1,0,0,0,1,1,0,1,2,1,0,2,1,1,0,1,1,2,1,1,1,0,2,2,2,1,0,1,0,1,2,1,2,1,2,0,0,2,2,1,0,2,2,2,2,2,0,1,0,1,1,2,1,1,2,1,1,1,2,1,1,2,1,0,0,2,2,0,0,1,1,2,1,1,0,0,0,2,0,2,2,1,0,2,0,0,1,2,1,2,2,1,2,0,0,2,0,0,0,2,2,1,0,1,2,2,1,1,1,1,1,1,1,1,2,1,0,2,0,0,0,0,1,0,0,1,2,1,2,2,2,0,2,2,0,1,2,0,1,0,2,0,2,1,1,1,0,2,1,2,1,2,0,1,0,2,2,2,0,1,1,1,2,2,2,0,1,0,2,2,2,2,0,0,0,2,1,2,2,1,2,0,1,1,1,0,0,1,1,1,2,1,1,2,2,2,0,0,0,2,2,1,1,0,2,1,2,1,1,2,1,1,2,0,1,1,1,1,2,2,2,2,2,1,1,0,0,2,1,2,0,2,2,1,1,1,2,2,0,1,2,0,0,0,0,0,2,0,2,2,1,2,0,2,1,0,1,2,2,2,0,2,2,2,2,1,2,1,2,2,0,0,2,2,0,1,2,0,2,1,0,2,1,1,2,1,2,2,1,2,2,2,0,1,1,0,0,1,0,2,2,0,1,2,1,0,2,2,0,1,0,2,2,1,1,0,2,1,1,2,2,1,2,2,1,0,1,2,0,1,1,1,0,2,0,0,2,2,0,2,1,0,2,0,1,0,0,1,0,1,0,2,2,1,1,0,1,0,1,0,1,2,2,2,2,1,2,1,0,0,2,1,0,0,0,1,2,2,0,1,1,2,2,0,1,0,0,1,0,1,1,1,2,0,2,0,0,1,1,1,0,1,1,2,2,2,1,0,0,2,2,0,2,2,1,2,0,0,2,2,0,0,2,2,0,0,1,0,2,1,0,1,1,0,2,0,0,0,0,2,1,1,2,0,0,2,1,0,0,1,2,1,1,0,0,0,2,2,2,1,2,1,0,1,1,1,0,1,0,0,2,0,0,1,0,2,2,2,2,2,1,1,0,0,0,1,1,0,2,1,1,1,2,1,0,0,1,0,2,2,2,0,1,1,0,1,1,2,0,1,2,1,0,2,1,0,0,2,1,0,2,1,2,2,1,2,0,2,2,0,0,1,0,2,2,1,2,1,2,2,1,1,0,0,2,2,1,1,2,2,1,2,0,0,0,2,2,2,0,1,0,2,1,2,2,2,2,2,1,0,1,0,1,0,0,0,1,1,0,2,1,2,0,1,0,1,1,0,0,1,1,0,2,0,0,1,1,2,0,2,1,0,0,2,0,1,2,0,0,0,1,1,0,2,0,2,0,2,0,0,1,1,0,0,0,2,0,2,1,0,1,0,1,0,1,2,1,1,0,0,1,2,1,0,2,0,1,1,1,2,2,2,2,0,1,0,0,1,2,2,2,2,1,0,0,0,2,2,1,1,1,2,0,1,0,0,1,1,1,1,1,2,0,2,1,1,2,2,1,1,2,2,2,0,2,2,2,1,1,2,1,1,0,1,2,0,1,2,0,2,0,2,2,0,2,1,0,2,0,1,1,0,2,1,1,2,0,1,1,1,2,1,2,1,2,2,1,1,0,0,2,2,1,2,0,1,1,2,1,1,1,1,0,1,0,2,0,1,1,1,0,0,0,1,1,1,1,0,0,2,1,2,2,1,1,2,1,0,1,2,1,1,1,1,0,0,1,0,0,0,0,0,1,0,1,1,0,2,0,2,1,1,0,2,2,2,0,2,1,2,2,1,1,1,1,1,0,0,0,1,2,2,2,0,0,0,0,2,1,0,1,0,2,1,0,1,0,1,2,0,1,0,2,1,1,1,0,2,1,2,0,1,1,1,0,0,0,0,2,0,0,2,0,2,1,0,1,0,0,0,1,1,0,2,1,2,1,2,2,0,1,2,0,2,1,1,0,1,1,1,2,0,0,1,2,1,2,0,1,2,1,2,0,1,2,1,0,1,2,1,0,1,1,1,0,1,1,2,0,1,0,0,1,1,1,1,1,0,2,2,0,2,2,0,1,1,2,1,2,0,2,1,0,2,1,1,1,2,0,0,2,1,2,2,2,2,2,1,0,2,2,0,1,1,0,2,2,1,1,0,2,1,2,0,0,2,1,1,2,0,0,0,0,2,2,0,1,1,0,2,2,1,2,1,1,0,2,2,0,1,2,1,2,1,0,1,1,0,0,2,2,2,0,0,2,2,0,0,0,0,0,0,1,1,0,2,0,0,2,0,2,0,0,0,2,1,2,2,1,0,2,2,1,2,2,0,2,0,1,0,0,1,2,1,0,1,0,0,1,0,0,0,1,1,1,2,2,2,1,0,2,2,2,0,2,1,2,1,2,0,1,1,0,0,0,2,2,1,1,1,2,0,2,1,1,1,0,0,1,2,2,0,0,0,1,1,2,1,2,0,2,1,2,2]
25000000

-->

0
0
0
1
1
1
1
1
1
1
1
2
2
2
2
2
2
2
3
3
3
3
4
4
5
5
5
5
6
6
7
7
7
8
8
1

