[]
3
[1,2,3,4,5]
2
[1,2,3,4,5]
0
[1]
2
[1,2]
2
[1,2,3,4,5,6,7,8,9,10,11,12,13,14]
2
[1,2,3,4,5,6,7,8,9,10,11,12,13,14]
3
[1,2,3,4,5,6,7,8,9,10,11,12,13,14]
4
[1,2,3,4,5,6,7,8,9,10,11,12,13,14]
5
[1,2,3,4,5,6,7,8,9,10,11,12,13,14]
6
[1,2,3,4,5,6,7,8,9,10,11,12,13,14]
7
[1,2,3,4,5,6,7,8,9,10,11,12,13,14]
8
[1,2,3,4,5,6,7,8,9,10,11,12,13,14]
9
[1,2,3,4,5,6,7,8,9,10,11,12,13,14]
10
[1,2,3,4,5,6,7,8,9,10,11,12,13,14]
11
[1,2,3,4,5,6,7,8,9,10,11,12,13,14]
12
[1,2,3,4,5,6,7,8,9,10,11,12,13,14]
13
[1,2,3,4,5,6,7,8,9,10,11,12,13,14]
14
[1,2,3,4,5,6,7,8,9,10,11,12,13,14]
15

-->

[]
[2,1,4,3,5]
[1,2,3,4,5]
[1]
[2,1]
[2,1,4,3,6,5,8,7,10,9,12,11,14,13]
[3,2,1,6,5,4,9,8,7,12,11,10,13,14]
[4,3,2,1,8,7,6,5,12,11,10,9,13,14]
[5,4,3,2,1,10,9,8,7,6,11,12,13,14]
[6,5,4,3,2,1,12,11,10,9,8,7,13,14]
[7,6,5,4,3,2,1,14,13,12,11,10,9,8]
[8,7,6,5,4,3,2,1,9,10,11,12,13,14]
[9,8,7,6,5,4,3,2,1,10,11,12,13,14]
[10,9,8,7,6,5,4,3,2,1,11,12,13,14]
[11,10,9,8,7,6,5,4,3,2,1,12,13,14]
[12,11,10,9,8,7,6,5,4,3,2,1,13,14]
[13,12,11,10,9,8,7,6,5,4,3,2,1,14]
[14,13,12,11,10,9,8,7,6,5,4,3,2,1]
[1,2,3,4,5,6,7,8,9,10,11,12,13,14]

